1 123
1 123
1 123
1 123
1 123
121 116
121 116
121 116
121 116
121 116
121 116
121 116
108 121
108 121
108 121
108 121
108 121
108 121
108 121
101 39
101 39
101 39
101 39
101 39
101 39
101 39
105 121
105 121
105 121
105 121
105 121
105 121
105 121
105 121
99 93
99 93
99 93
99 93
90 92
90 92
90 92
90 92
90 92
90 92
90 92
90 92
90 92
74 99
74 99
74 99
74 99
74 99
74 99
74 99
74 99
74 99
-48 123
-48 123
-48 123
-48 123
-48 123
-48 123
-48 123
-48 123
-48 123
-8 105
-8 105
-8 105
-8 105
-8 105
-8 105
-8 105
-8 105
-8 105
-17 87
-17 87
-17 87
-17 87
-17 87
-17 87
-17 87
-17 87
-17 87
36 44
36 44
36 44
36 44
52 105
52 105
52 105
52 105
52 105
52 105
52 105
-6 125
-6 125
-6 125
-6 125
-6 125
-6 125
-6 125
-6 125
-6 125
-45 108
-45 108
-45 108
-45 108
-45 108
-45 108
-45 108
-45 108
-32 95
-32 95
-32 95
-32 95
-32 95
10 115
10 115
10 115
10 115
10 115
10 115
10 115
10 115
10 115
122 83
122 83
122 83
122 83
122 83
122 83
122 83
122 83
122 83
-4 108
-4 108
-4 108
-4 108
-4 108
-4 108
-41 28
-41 28
-41 28
-41 28
-41 28
-41 28
-41 28
58 119
58 119
58 119
58 119
83 115
83 115
83 115
83 115
83 115
127 51
127 51
127 51
127 51
127 51
127 51
127 51
127 51
127 51
105 -10
105 -10
105 -10
105 -10
105 -10
105 -10
105 -10
105 -10
95 113
95 113
95 113
95 113
95 113
95 113
95 113
95 113
95 113
54 60
54 60
54 60
54 60
54 60
54 60
54 60
-1 66
-1 66
-1 66
-1 66
-1 66
-1 66
-1 66
76 93
76 93
76 93
76 93
76 93
76 93
76 93
76 93
101 119
101 119
101 119
101 119
101 119
101 119
101 119
101 119
23 122
23 122
23 122
23 122
23 122
-57 126
-57 126
-57 126
-57 126
-57 126
-57 126
-57 126
71 17
71 17
71 17
71 17
71 17
71 17
71 17
71 17
71 17
90 68
90 68
90 68
90 68
90 68
90 68
90 68
105 81
105 81
105 81
105 81
105 81
105 81
105 81
105 81
105 81
95 -51
95 -51
95 -51
95 -51
95 -51
95 -51
95 -51
95 -51
95 -51
108 -54
108 -54
108 -54
108 -54
108 -54
108 -54
108 -54
108 -54
123 47
123 47
123 47
123 47
123 47
123 47
123 47
122 -93
122 -93
122 -93
122 -93
108 -68
108 -68
108 -68
108 -68
108 -68
108 -68
105 -109
105 -109
105 -109
105 -109
105 -109
105 -109
105 -109
105 -109
24 -10
24 -10
24 -10
24 -10
24 -10
24 -10
127 -96
127 -96
127 -96
127 -96
127 -96
127 -96
127 -96
127 -96
127 -96
34 -100
34 -100
34 -100
34 -100
34 -100
34 -100
34 -100
34 -100
34 -100
76 -36
76 -36
76 -36
76 -36
76 -36
76 -36
76 -36
76 -36
75 -84
75 -84
75 -84
75 -84
75 -84
123 83
123 83
123 83
123 83
123 83
123 83
123 83
123 83
122 33
122 33
122 33
122 33
122 33
122 33
57 50
57 50
57 50
57 50
57 50
2 118
2 118
2 118
2 118
2 118
2 118
2 118
98 10
98 10
98 10
98 10
98 10
98 10
98 10
98 10
98 10
67 71
67 71
67 71
67 71
67 71
67 71
67 71
67 71
67 71
119 96
119 96
119 96
-20 123
-20 123
-20 123
-20 123
-20 123
-20 123
-20 123
-20 123
99 112
99 112
99 112
99 112
99 112
99 112
99 112
99 112
99 112
120 72
120 72
120 72
120 72
120 72
120 72
120 72
120 72
100 14
100 14
100 14
100 14
100 14
100 14
100 14
120 76
120 76
120 76
120 76
120 76
120 76
120 76
120 76
120 76
100 -66
100 -66
100 -66
100 -66
100 -66
100 -66
122 82
122 82
122 82
122 82
122 82
122 82
122 82
122 82
1 -33
1 -33
1 -33
1 -33
1 -33
1 -33
100 -9
100 -9
100 -9
100 -9
100 -9
100 -9
100 -9
50 115
50 115
50 115
50 115
50 115
50 115
50 115
104 23
104 23
104 23
104 23
104 23
104 23
104 23
104 23
126 -67
126 -67
126 -67
126 -67
126 -67
96 72
96 72
96 72
96 72
96 72
96 72
96 72
4 -7
4 -7
4 -7
4 -7
4 -7
98 123
98 123
98 123
98 123
98 123
98 123
98 123
98 123
98 123
71 81
71 81
71 81
71 81
71 81
71 81
71 81
43 84
43 84
43 84
43 84
43 84
43 84
43 84
86 108
86 108
86 108
86 108
86 108
86 108
86 108
86 108
85 103
85 103
85 103
85 103
85 103
85 103
85 103
85 103
86 89
86 89
86 89
86 89
86 89
86 89
127 42
127 42
127 42
127 42
127 42
127 42
127 42
127 42
127 42
11 50
11 50
11 50
11 50
11 50
11 50
66 78
66 78
66 78
66 78
66 78
66 78
66 78
66 78
-5 112
-5 112
-5 112
-5 112
-5 112
-5 112
-5 112
-5 112
-5 112
-30 44
-30 44
-30 44
-30 44
-30 44
-30 44
-30 44
119 89
119 89
119 89
119 89
119 89
119 89
119 89
119 89
119 89
88 87
88 87
88 87
88 87
88 87
123 64
123 64
123 64
123 64
123 64
123 64
123 64
123 64
123 64
6 20
6 20
6 20
6 20
6 20
6 20
58 123
58 123
58 123
58 123
58 123
58 123
58 123
121 113
121 113
121 113
121 113
121 113
121 113
121 113
121 113
121 113
42 125
42 125
42 125
42 125
42 125
42 125
42 125
42 125
42 125
8 117
8 117
8 117
8 117
8 117
8 117
8 117
8 117
-25 -37
-25 -37
-25 -37
-25 -37
-25 -37
109 114
109 114
109 114
109 114
109 114
109 114
109 114
109 114
18 60
18 60
18 60
18 60
18 60
18 60
18 60
18 60
25 3
25 3
25 3
25 3
25 3
25 3
95 69
95 69
95 69
95 69
95 69
95 69
95 69
95 69
117 -3
117 -3
117 -3
117 -3
117 -3
117 -3
117 -3
119 77
119 77
119 77
119 77
119 77
119 77
119 77
119 77
119 77
-18 51
-18 51
-18 51
-18 51
-18 51
-18 51
-18 51
-18 51
111 27
111 27
111 27
111 27
111 27
111 27
111 27
111 27
111 27
74 90
74 90
74 90
74 90
74 90
74 90
74 90
74 90
74 90
39 48
39 48
39 48
39 48
39 48
39 48
39 48
39 48
39 48
90 -119
90 -119
90 -119
90 -119
90 -119
90 -119
90 -119
90 -119
72 95
72 95
72 95
72 95
72 95
72 95
72 95
72 95
36 80
36 80
36 80
36 80
119 126
119 126
119 126
119 126
119 126
119 126
119 126
119 126
119 126
118 53
118 53
118 53
118 53
118 53
118 53
118 53
118 53
-3 117
-3 117
-3 117
-3 117
71 120
71 120
71 120
71 120
71 120
71 120
71 120
71 120
71 120
102 103
102 103
102 103
102 103
102 103
102 103
102 103
108 88
108 88
108 88
108 88
108 88
108 88
108 88
108 53
108 53
108 53
108 53
108 53
108 53
108 53
108 53
127 -80
127 -80
127 -80
127 -80
127 -80
127 -80
76 118
76 118
76 118
76 118
76 118
76 118
76 118
76 118
76 118
112 125
112 125
112 125
112 125
112 125
112 125
-39 48
-39 48
-39 48
-39 48
-39 48
-39 48
-39 48
-39 48
-39 48
52 102
52 102
52 102
52 102
52 102
52 102
52 102
52 102
52 102
-42 95
-42 95
-42 95
-42 95
-42 95
-42 95
-42 95
-42 95
-42 95
56 115
56 115
56 115
56 115
56 115
56 115
56 115
56 115
56 115
66 74
66 74
89 83
89 83
89 83
89 83
89 83
89 83
89 83
-115 118
-115 118
-115 118
-115 118
-115 118
-115 118
-115 118
-115 118
-115 118
124 40
124 40
124 40
124 40
124 40
124 40
124 40
124 40
124 40
-38 72
-38 72
-38 72
-38 72
-38 72
-38 72
-38 72
-38 72
-38 72
-9 81
-9 81
-9 81
-9 81
-9 81
-9 81
-9 81
-9 81
39 97
39 97
39 97
39 97
39 97
-100 115
-100 115
-100 115
-100 115
-100 115
-100 115
-100 115
-100 115
-100 115
124 68
124 68
124 68
124 68
124 68
124 68
124 68
-49 90
-49 90
-49 90
-49 90
-49 90
-49 90
-97 99
-97 99
-97 99
-97 99
-97 99
-97 99
-97 99
-97 99
-92 115
-92 115
-92 115
-92 115
-92 115
-92 115
-92 115
-92 115
-92 115
-65 11
-65 11
-65 11
-65 11
-65 11
-65 11
104 123
104 123
104 123
104 123
104 123
104 123
104 123
104 123
60 125
60 125
60 125
60 125
60 125
-12 117
-12 117
-12 117
-12 117
-12 117
-12 117
-12 117
-12 117
-12 117
20 36
20 36
20 36
20 36
20 36
20 36
20 36
20 36
54 97
54 97
54 97
54 97
-26 111
-26 111
-26 111
-26 111
-26 111
-26 111
-26 111
-26 111
-26 111
79 77
117 15
117 15
117 15
117 15
117 15
117 15
117 15
117 15
60 110
60 110
60 110
60 110
60 110
61 50
61 50
61 50
61 50
61 50
61 50
61 50
61 50
61 50
82 63
82 63
82 63
82 63
82 63
82 63
82 63
-25 79
-25 79
-25 79
-25 79
-25 79
-25 79
-25 79
-25 79
-25 79
-85 63
-85 63
-85 63
-85 63
-85 63
-85 63
-85 63
92 90
92 90
92 90
92 90
92 90
92 90
92 90
92 90
-77 96
-77 96
-77 96
-77 96
-77 96
-77 96
-77 96
-77 96
-77 96
78 58
78 58
78 58
78 58
78 58
78 58
78 58
78 58
115 82
115 82
115 82
74 90
74 90
74 90
74 90
74 90
74 90
74 90
74 90
74 90
92 110
92 110
92 110
92 110
92 110
30 79
30 79
30 79
30 79
30 79
30 79
30 79
30 79
49 103
49 103
49 103
49 103
49 103
49 103
49 103
49 103
53 115
53 115
53 115
53 115
53 115
1 122
1 122
1 122
1 122
1 122
1 122
103 103
103 103
103 103
103 103
103 103
103 103
103 103
103 103
-6 -33
-6 -33
-6 -33
-6 -33
-6 -33
92 124
92 124
92 124
92 124
92 124
92 124
92 124
92 124
92 124
22 82
22 82
22 82
22 82
22 82
22 82
124 38
124 38
124 38
124 38
124 38
124 38
-22 127
-22 127
-22 127
-22 127
-22 127
113 95
113 95
113 95
113 95
113 95
113 95
113 95
113 95
113 95
87 69
87 69
87 69
87 69
87 69
87 69
87 69
123 73
123 73
123 73
123 73
123 73
123 73
109 77
109 77
109 77
109 77
109 77
109 77
109 77
109 77
62 126
62 126
62 126
62 126
62 126
62 126
16 96
16 96
16 96
16 96
16 96
16 96
16 96
16 96
16 96
-66 100
-66 100
-66 100
-66 100
-66 100
-66 100
-66 100
-55 127
-55 127
-55 127
-55 127
-55 127
39 114
39 114
39 114
39 114
39 114
98 107
98 107
98 107
98 107
98 107
98 107
98 107
98 107
98 107
119 60
119 60
119 60
119 60
119 60
119 60
119 60
113 3
113 3
113 3
113 3
113 3
113 3
113 3
113 3
14 -42
14 -42
14 -42
14 -42
14 -42
110 -26
110 -26
110 -26
110 -26
110 -26
110 -26
110 -26
110 -26
25 -87
25 -87
25 -87
25 -87
25 -87
80 -110
80 -110
80 -110
80 -110
80 -110
80 -110
80 -110
117 83
117 83
117 83
117 83
117 83
117 83
117 83
117 83
109 27
109 27
109 27
109 27
109 27
109 27
77 78
77 78
77 78
77 78
77 78
77 78
77 78
102 -8
102 -8
102 -8
102 -8
102 -8
102 -8
102 -8
102 -8
102 -8
94 73
94 73
94 73
94 73
94 73
94 73
115 -72
115 -72
115 -72
115 -72
115 -72
115 -72
115 -72
115 -72
74 -17
74 -17
74 -17
74 -17
74 -17
74 -17
74 -17
74 -17
-23 -60
-23 -60
-23 -60
-23 -60
-23 -60
-23 -60
-23 -60
-23 -60
-23 -60
61 -41
61 -41
61 -41
68 -86
68 -86
68 -86
68 -86
68 -86
68 -86
68 -86
68 -86
85 2
85 2
85 2
85 2
85 2
84 -40
84 -40
84 -40
84 -40
84 -40
84 -40
84 -40
84 -40
108 -110
108 -110
108 -110
108 -110
108 -110
127 92
127 92
127 92
127 92
127 92
127 92
127 92
127 92
127 92
97 26
97 26
97 26
97 26
97 26
97 26
97 26
97 26
58 105
58 105
58 105
58 105
58 105
58 105
58 105
58 105
-11 91
-11 91
-11 91
-11 91
-11 91
-11 91
-11 91
-11 91
-11 91
20 121
20 121
20 121
20 121
20 121
20 121
20 121
20 121
104 61
104 61
104 61
104 61
104 61
104 61
104 61
104 61
80 100
80 100
80 100
80 100
80 100
80 100
100 82
100 82
100 82
100 82
100 82
100 82
100 82
100 82
116 8
116 8
116 8
116 8
116 8
116 8
117 -23
117 -23
117 -23
117 -23
117 -23
117 -23
117 -23
117 -23
121 -40
121 -40
121 -40
121 -40
121 -40
121 -40
121 -40
72 61
72 61
72 61
72 61
72 61
72 61
126 28
126 28
126 28
126 28
126 28
126 28
126 28
126 28
110 50
110 50
110 50
103 -26
103 -26
103 -26
103 -26
103 -26
103 -26
103 -26
50 88
50 88
50 88
50 88
50 88
50 88
50 88
119 0
119 0
119 0
119 0
119 0
119 0
119 0
119 0
122 125
122 125
122 125
122 125
122 125
122 125
122 125
122 125
47 21
47 21
47 21
47 21
47 21
104 96
104 96
104 96
104 96
104 96
104 96
104 96
85 2
85 2
85 2
85 2
85 2
85 2
91 120
91 120
91 120
91 120
91 120
91 120
91 120
91 120
91 120
109 73
109 73
109 73
109 73
123 -47
123 -47
123 -47
123 -47
123 -47
123 -47
123 -47
123 -47
123 -47
