0 0 1000
-1200000 -1200000 1200000 1200000
1500
-1016995 954294 8795
-1110644 -1103257 10937
1117804 26536 14813
116087 -834497 14161
102583 949748 24739
-756238 -110571 19589
1022472 -1081654 15019
-469629 -1136025 8719
-439031 1069068 14092
888575 1003561 15129
318508 87567 12758
-344241 346994 11349
-856016 442772 11019
654478 -315098 10462
-158378 -337834 13955
-631851 683879 27182
931606 557563 7517
45346 355036 11715
-254750 -717748 22389
547867 -981350 8518
513105 -640723 25594
-987654 -561291 22677
486383 570604 17767
593536 192537 12690
952375 -620757 14906
402178 985856 11303
988634 350889 17289
-611302 -709971 25365
-283447 749485 22147
-676100 -446970 22720
-1154138 213207 9997
-425433 -102636 9093
-752722 1030172 10324
-85920 552433 10007
-718531 274558 18803
1107698 -243918 24767
670769 750926 19358
-1117090 538823 13499
-577761 111065 19315
1957 -140555 21442
-897435 -770663 9666
99528 -1189315 13464
883717 -408775 23152
1194309 722808 26185
213572 -352115 10813
-841223 -1050625 14632
1195108 -581398 18891
638189 1010448 26213
1073948 1137309 15483
859454 -218441 13969
-1120008 1090706 19967
-309556 -473540 19945
273010 -110006 12963
39828 -495027 17857
922717 128814 11361
-443428 527558 21205
710140 -1151344 17778
-632295 -1031084 22947
-995154 -234615 22375
419109 -333113 16486
1035093 -852819 15336
-173141 -933803 16945
619428 -38398 9606
-198283 71606 18615
-1196853 -775800 12596
-873537 -1193527 22008
295742 -1003752 10104
-161475 1046896 21157
-247415 -129049 17600
-477856 -631793 24169
818050 -925324 16328
-547098 390839 20795
-1199890 834638 13625
-466964 -936730 18786
-952314 100666 9480
-632238 1187498 23807
702203 -642280 18390
-1152013 -540503 20259
-1185867 -357688 8610
736182 1176963 18537
-795925 -664769 9957
542762 -446177 17450
1120705 969038 11290
288248 726162 11600
448886 840546 14222
1553 797512 28779
-889501 1151298 17631
897995 861864 12734
-254062 927366 12645
-279800 484476 7711
156500 518276 10084
-606852 935870 14102
-24895 -713815 13903
-297065 -1031623 19110
-1157160 -202059 9559
-442493 -382323 11453
768733 184271 15018
1157150 470932 13748
-167319 235973 10129
588131 -861054 13204
-1078864 -880196 17681
6493 114400 11910
1106048 233979 19560
1107898 833050 22991
-875210 803166 8761
-460547 759479 18421
499931 1154308 18076
-159400 -528768 18069
-1146393 -29931 23554
940593 -755545 12269
184356 -583898 18648
325154 -829513 24265
-850548 -427425 19249
-761428 729150 8793
833941 328584 11407
835494 -56768 17900
846487 716860 20824
123154 -13044 16863
22941 -975957 10769
529025 40746 14068
-118111 701217 24183
242516 911274 23251
-365727 197938 19925
288575 1192608 10720
615945 506690 17012
259454 245996 11130
31977 1171133 10892
-448274 385316 15546
107832 -264705 27688
1157188 -946230 11197
-312903 1043657 25075
-839226 280227 27373
32821 643881 22286
-242127 1154462 11107
-1074388 389070 18886
1085730 -421163 18719
-284460 -272688 10635
-111759 -1054930 15870
805449 -1066349 14027
-875902 -299637 17302
-748852 864981 12746
-981457 244810 18642
323470 -690059 8102
-1085476 -402665 9838
-563508 -50607 10203
1039020 -125926 16090
158408 1069562 15017
390916 -932545 10765
-1039366 625944 15804
-324077 50170 23434
-972076 -932060 18115
-460374 -484976 17046
-811769 577997 27777
461579 -1151747 12919
-726052 -910464 10363
-751666 -277931 14865
-105767 -31569 18171
-1003396 822714 10907
-851284 -917235 25540
-825404 91829 20709
-322661 -1179673 13575
-991628 -718319 20276
741140 907411 15007
-55852 949883 19754
468536 153706 8556
946722 -1185773 8154
-129286 -208507 15216
-103128 -772310 10132
-618586 -558843 22466
412364 520850 11968
298114 -1182798 17755
87711 -713848 8523
-569802 -356754 19885
313414 1050658 8267
172601 775078 10830
-49138 -1187293 24701
-672341 545955 17035
-308223 -830131 19154
484636 -189156 11515
79954 248901 8768
-27861 -604385 22609
759426 -477524 24208
473158 298408 12164
1179840 1086804 17561
-845829 896711 26617
168432 -132380 23961
1190548 -1185448 12296
-151165 903735 17593
-540675 1116869 21152
-217937 611386 12216
-690411 6140 7696
584348 376181 16428
-339941 876674 22881
-662557 1016253 15140
-441702 -806240 16193
736923 629192 11430
582744 -734248 11888
143051 -464732 12494
407535 -91725 12525
909693 1151315 12371
648610 -963624 19193
-370209 -721040 20618
47708 -891414 17246
-151065 442759 20741
559425 910709 23319
776110 796243 24967
-1111133 85627 9603
305189 454924 15100
865986 -815566 15575
1082928 -679117 19998
815469 469707 15349
-864848 -43852 8649
-198780 800121 20996
183252 359475 10285
-1067031 -160982 21174
-884033 -156301 16475
-410404 -216444 21874
-970347 -376937 21762
-766313 1186752 23763
-557641 257333 9617
-178403 -1193442 27463
506017 -827776 24338
-78820 317122 17074
1188221 -847600 20731
750652 -188180 22349
534809 458009 23065
727987 102911 21387
554327 -286590 16334
-443011 118930 12537
-1012949 -49830 12002
1185666 109662 22740
-199862 345848 20975
144222 168524 11973
-992833 -1068816 17131
-432219 1193367 8213
218865 -1084514 23147
-769911 -993258 13510
148887 -977266 21731
351487 -482510 20380
-751370 -1161067 14131
-1017317 503790 8946
1186004 331112 18328
631866 -497201 22375
-209004 -1074393 9087
-1105842 -717981 10147
498490 -341035 20547
-419443 939714 20999
1107096 -545469 22351
-342261 597196 13848
360413 301740 10579
716370 333199 9482
-1188975 430544 8101
695691 -380560 11915
-922287 703651 9621
990350 193867 22562
-721397 -798194 19751
-408135 -1042496 9440
770294 -832486 13089
960817 1073474 21199
416889 47872 20190
466688 -1001027 8516
761751 1051499 13775
1042195 653684 22175
-185324 -631224 9359
435037 -552942 15696
-1175380 731022 19495
928813 651746 22469
490407 374397 23708
224748 620771 21289
1054591 -997549 9184
1171167 1175095 22451
370839 -212443 27592
-15408 -786175 28157
60878 1084348 20914
830649 -601637 17814
-1091645 948512 23131
-527446 511498 9098
-845479 1044839 16583
112952 77221 15702
-617072 -915724 11881
835838 -717235 8042
1077991 -1193941 14668
968552 -347142 10081
-1080828 -296564 19124
589892 103308 20839
213209 107850 26685
934357 -994458 23696
-521876 -266104 27273
-15793 -325629 20061
-445117 14791 17392
590615 631756 10982
-884810 -599884 24266
-774125 -360357 15287
1173531 -120388 9638
847802 -1165013 17324
-694291 114031 14393
970793 -61711 10981
-1192337 -878749 18277
693105 836688 23066
979758 -456438 14801
-77949 -414029 11742
-625041 819421 20736
687708 1118962 15206
-954536 1076807 17815
597170 711447 8006
942871 -169640 21110
-588486 -445294 10676
-511490 -740517 23767
-522193 -850017 22553
-183442 -40913 13706
605960 -1062898 7838
-256946 -381222 23055
-69214 -159742 7929
-528203 -1199020 8475
-694268 -184755 9263
1000520 740339 22280
553967 -1170693 21600
1169201 -296916 17124
-504273 941943 12540
343370 817069 10192
-100212 802323 23991
-725685 441019 23217
-1111579 -985175 21088
-1184917 350373 17708
-571690 742787 18639
631185 -177474 15149
-81463 486114 15473
1110471 111283 22293
-524166 862591 25013
-1173817 -1161973 22724
-45289 -911760 10594
745423 507740 24068
539415 1014801 20520
-194961 985982 15635
-790810 -483878 10166
-668469 1097702 16992
261853 -904600 23654
-771360 -741024 9127
235404 826153 22757
-1058902 881603 9813
-287248 -634201 17300
414150 678188 15697
-316413 -71382 14771
1198627 597911 17502
502973 1083207 22605
21188 1022915 19404
76285 -537201 12432
1042204 539482 9394
734496 -750542 17912
576711 1076853 12280
426427 -830673 17106
373229 425491 12243
155433 436404 22138
539968 783716 18347
262634 -534410 19079
-85600 -283978 22138
-370258 674842 13265
-1133913 1000938 12245
455958 -698058 23260
-1026435 58098 17489
-645697 -619752 13409
305548 568473 21640
-58571 105218 14544
485543 -914064 13652
184680 -797894 10609
371447 1151925 18843
-160590 1150224 22480
-1059435 1147965 7684
-1093001 722171 25173
-87282 1048434 20492
99878 -154538 12293
-943732 888475 22758
889051 -303668 20798
-775753 227212 17113
247707 1106320 17149
1068281 -337863 15084
1034778 895782 12422
1037610 455128 27605
280506 382232 16993
149306 653334 18728
625893 298510 14106
79969 544844 13866
968548 71528 23811
-523401 -144213 8836
-463858 260233 21424
-367723 483402 15681
-673534 -1145353 21635
-914002 526463 15651
133515 1140311 21765
-383725 270252 21327
170911 864952 10977
640156 -789840 14750
1101881 379908 16485
-722314 639654 17123
1189939 -722736 11160
345093 -285524 13262
968289 -902823 19713
-999328 157282 12103
241543 -743935 17473
-898614 -502588 22203
-142995 132066 14534
687418 -554696 16928
-1043210 -490186 16622
-971281 -127381 15047
-376228 -14854 23326
365050 26099 21462
1095755 -1060261 25793
-472269 323705 13637
-968126 1163233 13292
-76438 -550218 10490
-1195664 -683975 14574
-1193213 -456134 11198
-949381 343246 10978
-632191 255520 21369
612342 -622901 13972
-848569 -1125848 18228
1004927 -528510 7752
170994 -1169919 15946
-794772 -861038 16259
889706 417831 18964
278308 -27244 20058
-12543 -1119804 17083
814391 -274830 23268
1092161 467482 15169
-74687 647252 12182
-148906 511389 17569
102262 -617754 15487
875552 -483872 10406
-746660 -438162 22910
-612898 -286895 11646
15662 199569 18988
-534046 -1003282 18454
915077 -1101550 14755
13928 -207882 24721
641343 572116 17207
-931235 17501 18842
445346 -432100 20502
89834 -1088634 22135
-506163 1177616 17345
252697 -273187 15723
-27688 496226 18364
-772448 784144 21369
-1189485 -140072 8782
920583 254376 28102
-602962 12083 16729
-375179 427254 11563
-1160419 1161205 8467
-568471 -198676 15815
-1044880 309684 23209
-802147 515747 17120
-316217 -208765 10880
227003 -998913 11626
1091539 -779956 11825
-777617 958769 16926
-131532 966520 12075
571687 -143864 12816
721865 -43391 18030
-379957 -885631 10249
562145 -14117 12396
1090751 762439 9970
-588239 526223 19227
-898754 136735 19387
1065026 289753 15911
754301 293211 23882
-637548 -823156 18546
-91532 -701244 17067
-1056983 -644677 9036
-798193 -592023 22595
-962701 427320 20992
-425319 -301643 12049
-1129433 645684 11268
-559015 -1119209 23662
509754 -569100 18962
-341434 -530464 21228
-1102002 800517 7567
1174756 -401412 18111
456373 -66089 11752
664669 170275 14855
-629938 433944 11135
391579 209275 20776
-440610 869567 14767
286832 -453728 9899
25013 884710 13775
-130078 40196 19350
-997741 -871078 8967
1176168 -226787 14788
1017697 1180396 8097
-172424 -849947 26705
-209100 -482094 18566
-382191 -1142851 17941
-952329 601854 9910
-1193001 21844 15417
357046 -568705 9496
-864629 649909 9797
1011022 131310 17611
-10933 1095852 9485
-813876 -211666 19001
793327 98496 12101
-508452 1014972 18308
1171388 790106 18923
390138 -676735 22003
-611186 -126800 12054
813019 646682 24165
-1193580 944872 14296
275573 -195661 11886
691880 -866628 13107
747731 -561611 8815
-6258 436945 11741
-515799 664987 7532
-921280 -1063336 16994
345684 -46613 16053
129688 1018209 11840
592635 1181875 9496
390445 363573 21228
-241571 163167 9417
-907431 -987480 14392
1012241 -245763 22441
79334 825054 16157
591497 -465891 22251
-1145987 -314263 24474
1033892 10496 17073
-214582 -248005 10279
142065 -668408 11120
527793 -711077 15394
-821791 361277 11870
125956 -79324 14601
665813 936576 21715
274379 -605718 9730
-386081 831896 10164
-37669 883734 16862
-365418 1124977 20984
-1165565 588428 23052
636990 -449886 14038
781360 -522919 22436
467311 12726 15006
-839908 21960 19176
201836 690134 24077
-1174526 -1062374 23642
-913234 -229863 7636
-420744 629993 14609
357790 -1184696 12905
498879 709333 7925
-83927 -477806 15208
-1191152 -616952 28091
956815 712397 11909
465840 -1078978 11838
-967772 -1169129 9274
-424489 -564377 14091
525492 210634 13338
-1199768 276944 16058
832694 919158 19493
368715 625863 11888
-292005 265433 15752
15962 -443355 12966
648884 75095 20146
385254 1105581 17435
1027352 -733169 18307
1145339 174762 12505
-312401 -1090419 23238
-215858 -424886 21635
968933 1139694 7595
375054 -764658 19747
-675816 -998241 10161
499609 936704 14339
112330 353909 22162
-974232 -322624 16825
297453 296060 18214
689594 -772636 24153
-791833 -1096511 10937
119598 -901591 24127
-1053218 1053839 12728
-332743 1197377 7671
231001 520125 19460
355866 922040 23412
1105852 1040674 13256
-920965 -327164 26564
103632 -402530 9936
745239 -968527 13177
-248121 406277 12915
-703492 -558889 9350
837190 1133483 9130
-650781 148356 11165
12139 -657292 23837
985589 -979862 8761
-105371 206501 25706
1195147 392203 16070
-366553 -812131 11338
-564531 999760 12681
-1144922 388396 21762
987951 989911 9961
400628 764120 24707
-249217 -878733 25907
-26893 -489264 23484
-1118684 268904 17275
-40085 -231923 12922
-634798 608785 7769
-193326 -726288 15678
405242 -507759 10308
-362439 -405344 11219
142853 586038 12079
1146074 568784 24358
-682264 -76782 14739
-1039754 -106494 13939
-555170 -940063 11867
-863585 -682863 12900
124011 -766370 16156
-253313 -947840 7754
-1146679 316154 14146
-529927 -588873 8400
179755 946781 14075
671069 -234511 21669
633146 -1160905 12295
-616543 -763752 24487
-892630 749995 9491
-377005 1065459 16658
782600 7261 10868
-818073 1128630 13768
-138483 -388376 11045
-856006 536219 16907
1094169 -83510 8922
-87264 -1126783 13578
-248671 10752 17942
681041 627460 20529
870110 1088992 20626
-566662 -1046845 10088
-870294 -377479 15917
-372516 740669 12626
770205 702188 10007
816214 -997038 24233
1148417 -468186 11381
1074752 -478853 21456
-686544 -709670 13180
-1104129 -784587 10307
-1072809 8971 9499
45379 737434 16325
1058845 -916883 26919
-1071965 -1181385 19175
-1197466 -984205 13447
594082 566991 25989
-128756 -997683 20988
748372 -1034053 8165
641906 229316 9116
-523933 1066278 20129
395767 -1002827 14200
559591 -353266 11386
-224288 -800955 26084
128386 875281 9499
-19938 -1049169 10666
-513609 -399797 23484
483321 -535159 23591
-691149 919827 12259
199324 1132275 19602
-306202 -696303 9974
1057775 964866 11936
-27286 340170 14339
399490 112358 19208
-469295 457907 12843
72394 304108 16869
-961038 -795590 20833
907160 -51342 17352
614631 -244435 19183
-422118 1011379 20235
-464097 -1045541 8893
-194365 -576530 24873
-1001228 1010363 18975
1025627 1101328 21767
241323 1195134 8616
1006608 -625945 11602
-659394 363715 11086
-395601 -57967 7576
677827 491764 14218
-318310 -582063 17301
836691 48147 14070
-979192 657913 21701
-676865 -331500 11214
-484758 587604 9599
334649 -337569 13763
1143700 -1112296 26680
-722671 516490 8331
344441 1001407 19211
46968 -835663 16258
-547377 -534661 12891
961817 429146 11617
812306 -775947 23866
178637 55798 18805
882228 -912811 7769
809733 529286 15977
592775 -1024870 8029
135425 272996 19688
-1030061 760461 18204
187043 238281 14695
510456 -1106927 17946
217327 -656455 7980
243743 177332 16490
1140363 -42098 13901
-1032379 569081 26522
-322704 -142347 24815
598838 -373782 7892
-461546 -299759 10309
-552099 805438 9322
394931 -152892 12901
782140 -1152077 22798
-1104977 -481269 9356
1184112 -1024509 13875
571387 -198245 17123
-771490 -59451 21632
-563681 608173 19552
841931 -342618 7958
113349 117683 13731
-958586 788377 22308
-1027515 -987165 15077
383969 -422298 21501
710560 -87910 16176
856092 -540116 7864
-281300 592862 10780
-120870 -98008 19281
676498 -5811 19269
1151955 -620552 13050
338863 178467 18353
-1014079 394336 17168
-625541 315852 14445
-375912 -953452 16079
-462032 -707120 11346
306224 -927945 21407
-514844 -463462 16604
-191206 1103206 12093
-689983 769682 13137
90152 -321601 12965
1004847 810532 9018
-122660 1179631 17680
777683 -393885 11043
825600 -460583 11767
301095 655754 16870
-179049 -126534 8393
-286390 687599 25093
-914859 -88899 9589
814430 170204 17496
489277 94501 14598
-60948 1153406 14284
544727 -548469 8662
469927 -387333 10141
511148 826258 20684
-259415 -556165 22078
1071617 1196802 8180
1082240 593972 10615
-19252 -831852 19119
1173733 272395 11148
-879227 237946 9758
-1126909 32118 12037
327989 1121580 11291
52930 476383 14836
-440167 -996186 20388
-80491 750697 11893
-1125644 -154096 21243
1100759 -832674 14318
878020 -1015991 8046
-451514 686399 23184
660577 402700 14892
-828884 847859 8798
123522 719447 19852
-1067486 -210704 11138
-310392 420779 17481
1046183 772377 17249
375843 714445 14452
-116920 -940358 21214
77803 617469 7878
-542950 190176 11687
863022 -113124 9766
-1194279 112150 25013
931296 -435437 15455
194762 -505504 8670
-510579 -28572 19652
252388 561118 20326
832359 395106 22662
901532 360496 18999
776834 566967 21465
978893 -833249 18766
492690 491559 11530
930759 -551134 15519
-96254 389454 10022
1054287 709852 19330
-1031113 -352598 10179
-228214 850969 12563
-764133 308410 10132
-1085735 435994 18493
280328 -364559 19564
834225 796623 25159
-1166889 1048968 18592
-805709 418511 19990
-507736 130824 18592
-897003 -833841 10902
1199034 3852 12121
-810873 -1170133 19782
453104 -948429 23124
913514 603028 16006
896245 -596897 19563
946662 945877 26361
1094427 -140376 19903
459626 -234035 8525
-680765 299875 8526
-763370 1093091 13963
357294 502291 9419
-956329 -510025 16825
934440 814720 10226
975015 887643 26996
-673802 -275348 9579
-414344 -1170793 13890
-1064899 -1132644 24821
-530876 13204 20596
-1132871 -617523 11603
-261145 1082956 11573
348496 -968315 12120
-294778 133743 8851
841083 -1713 9279
-141834 -274855 8517
855256 1194203 10171
391975 861342 19080
19852 -549576 17038
-1115850 -1150632 7856
-204214 -189539 9192
-604443 -1092331 15009
672727 -1010485 9108
464521 629576 14875
-924718 -721302 20767
983117 -579093 28068
-944097 -434235 15395
68660 -189352 9719
-789105 -158201 24712
700510 -469124 10124
153853 114748 16554
-1113933 -837177 22336
-548576 -798165 9272
603734 32801 14356
510440 421842 13856
-132585 -1170466 18351
-147456 -698164 8973
-1093234 201962 14713
892151 491299 20203
-485015 81638 9770
-326088 -885440 8337
-1034621 127458 19032
308275 223289 8666
605150 -557809 21430
-114983 599972 7730
1021477 -782792 26213
-841487 724926 9708
-327268 698113 13688
-286071 1168131 9001
25663 514947 23110
-271891 -1130959 9015
-142651 642039 21922
-88443 -644173 25533
-735137 160233 26831
713064 -926970 10941
-743752 -1093765 14001
986403 488062 7620
45228 -933985 12351
-337087 -624189 11583
1065795 -1117666 13474
1177774 230675 24383
-359735 -1075239 17008
-1059828 265649 11080
336798 -110769 20427
-152056 -1067136 22361
-12751 556133 24304
-623625 -495782 19463
1163989 667571 12588
74345 173437 12869
1191591 -790156 13461
328878 871091 16603
-683826 -1188118 11949
-311017 971057 12541
-46384 268513 13458
-587166 348261 8310
557667 820379 11381
-221647 -336682 17430
-225918 461076 22698
1030129 237901 8173
292453 -231804 14992
-682131 -863628 17249
-1049459 -1032431 11633
-1018967 -812526 19483
-190772 684121 15673
748597 -126786 18907
1147633 852023 15466
32164 -591012 24276
-574033 461335 19114
1155037 980524 11143
360198 -641878 20241
-976464 1118913 16749
533052 -48983 15814
-520106 745742 12482
260222 -1044534 21948
515891 -1037298 27930
-364833 -480648 8053
-23992 646577 20182
600907 -108886 11643
180564 -1127304 8917
172856 -403458 19331
-1141719 -381502 10961
470691 -753277 12246
-891052 1098374 15712
-109950 87705 24447
-433898 -148865 14941
881247 -757456 18936
-913085 -911186 14064
-716528 -1016961 12821
958597 -1143251 22171
422510 566435 13162
-1103588 -536722 11709
-397230 67058 18632
653946 695539 23143
-1198373 169513 9287
-964451 -49361 9421
-291381 -968058 13888
39854 -1128172 24011
-21989 -394665 17861
1082492 176884 11919
-219258 -667568 12562
165222 -299462 23924
-656638 -398984 13102
-629439 -214170 12646
-348480 -261947 12474
742473 1109954 16980
818340 -144280 9018
499844 -282948 11919
-641061 1134534 16968
906180 312368 13876
1108580 709195 11916
725269 -833710 23347
396488 -619918 12478
-932662 -1132380 13336
24875 -723833 8579
535471 -907074 16489
1193647 518623 16593
-241408 524762 14813
553410 152914 11906
964445 -291441 18423
-1131978 154501 15039
475558 1024725 9535
1169552 -528133 9521
-1187538 519571 8712
81475 413240 9492
-171664 841796 20994
-421431 -741546 11536
-1115135 -68239 26473
437835 403397 21992
-411022 -842287 24672
-1004537 -450072 24307
-829557 -978104 22867
-96457 155121 12976
-434450 817763 18195
541106 535380 12374
553795 -1076368 18223
-1197572 -524558 15156
744300 -240163 22597
335268 -1022257 9839
-821529 -546197 17665
833792 -408574 22475
-130127 -845880 13227
329894 -757296 16919
665701 351804 13998
212000 -938741 12649
-1041300 -895118 23281
-609101 -1151746 20047
-1118390 883002 27919
-496616 -1086280 18866
-594870 227239 9786
234493 -813155 20451
-732712 -24313 16014
-749580 -224576 17490
848537 -766283 18133
-456630 216642 21886
660859 886601 15372
-1132711 -263474 14548
-248091 289951 23828
646752 1086809 22279
-615913 -865658 11313
302486 -1106021 15553
-859026 -731458 14455
-712206 986878 8483
-671885 681660 18285
672441 -1070668 26757
929812 -100159 12747
1004796 -415451 20293
887881 -669983 13599
910811 -246480 13833
859232 254530 8389
-1195054 -287428 23182
-282505 1000715 16407
1103255 893358 9150
-71454 -853607 12044
115328 -1148215 24742
986551 598417 17299
822401 -875250 18626
-790048 677360 16789
-726350 -393850 19636
713940 575631 11428
-471268 -72043 19658
-321061 1103022 19686
-846115 993296 12931
-955383 743599 12664
660197 -658379 13511
-1038165 689594 14023
-91641 889542 17946
771710 -321833 20931
-178618 740679 9000
-883840 851445 14187
-636750 -969327 8984
-1146622 760323 17766
149464 -1120158 14672
969044 298454 8372
-915643 921057 13234
1012761 423237 14408
-738862 -844138 21768
157547 -182460 14644
-495294 405799 14418
-1084477 -114899 17193
187639 1019519 22237
797273 879699 13143
1150643 -869081 13902
1068730 86151 18166
118624 -558092 19312
993307 657536 18429
-1020398 -585845 28061
641931 -90330 10893
555566 340167 19699
-910729 458486 28285
3436 1134895 8403
-257149 -1030132 10873
-575799 663858 19729
-999964 331230 23272
-876109 -1157404 28329
712979 -694737 20665
-968274 515917 9598
621774 873989 8718
761221 -435364 19181
-834939 -619445 18354
1126831 310238 20293
-2463 -905001 13392
-1111976 -352129 25936
-581000 -1005581 20682
774716 -75774 21642
1193797 851391 14137
-1141644 -946821 8892
-950369 -589314 8490
-229789 722741 25355
-858606 189866 7517
905313 200696 10994
-1016441 -666246 18249
-844832 -805886 19589
-415105 733494 19781
320214 338065 7713
-498953 810547 19371
644878 -396402 8485
941716 -845318 16826
-791952 272160 21263
32626 -1063557 22582
226374 62882 17652
-335838 455555 22141
-490297 -803766 14786
329727 -199603 17256
443910 474174 11085
-910550 648152 10625
282400 -397392 17234
-369744 -141365 22124
-354003 -311351 18410
-244348 -72736 9149
-800533 924034 20460
-829664 670302 17252
-739531 397742 14886
227595 -573942 19342
715853 -1086055 16282
425537 327032 16331
1111417 -345836 11992
-319164 -773641 7702
-394900 -338825 16830
564275 -808084 26717
-367050 -847886 21271
166837 -1043921 16823
-197984 886084 21849
-53357 785541 11298
441805 -134097 22686
-401701 330479 16966
522350 -778614 12289
-738833 -639581 16843
9077 249618 11608
-400435 1130320 23958
-1185719 884918 21012
423858 -1100536 10186
-580978 59073 20401
-751891 604845 9186
-575221 843177 12456
321928 950666 17590
-713512 188618 12725
-303316 526444 14485
1055359 1052667 11705
126799 32746 11180
750047 387942 13856
-728565 679876 15798
-770787 -784904 11119
-91614 -594214 14555
327615 -608080 19205
-550686 342702 23630
56911 1124233 8025
465759 -656358 14029
136888 223814 18641
797292 312280 22179
-719024 803020 19112
399663 -255647 12863
554268 -1129989 27187
-1047634 195095 21636
52285 -1020190 14357
-911899 288346 18274
1186688 -342884 10783
-222139 218122 8347
-1192214 659993 16585
-530472 -706500 9684
-296385 -321274 12375
1115363 633773 9084
-1197873 -88170 13322
424563 1019509 19747
569556 -61746 23912
869600 529016 11013
544223 -498172 9549
1079358 -613184 12371
-322532 -7180 18081
487718 -605075 23588
1151111 -364773 19339
1188340 1012975 9544
140186 -945467 25073
-481480 521024 16337
263505 614291 24862
-1127818 460339 9836
1133858 -178130 7915
-1027153 -401301 26761
-499323 -179421 11181
-152497 189470 20894
-349499 231676 8911
265831 -1173037 11814
257396 -687105 21241
685184 1196288 23156
-752412 42819 7614
-115159 275868 10210
59083 905106 8472
921799 -1144530 13196
297709 906110 21182
-1059854 -757918 7944
1065702 -218812 18857
-468475 -31541 17896
50047 -677770 27848
-623138 -56213 18784
1192672 -980147 10764
282067 799337 11901
-642388 -19340 24201
-851038 -478863 18248
722746 961417 15827
-584339 1079241 15276
49508 786829 17904
-163549 -1019098 26970
-446479 -431315 12109
130444 -129494 13896
-1091748 -1063611 24638
-669884 458876 19403
985455 -715880 13907
1189839 441314 14744
-802031 -907721 14017
440137 1064891 19110
531721 645499 11243
901285 -868625 23281
734853 -609586 13881
-903201 47227 13501
-37430 189258 14812
-1168493 -754522 24218
810925 699171 21238
948690 1013761 18012
-442713 -886983 12715
-793267 -13777 21857
-167569 -1132568 20366
391011 -874039 15248
-169956 306053 9714
638436 -1097248 9562
629075 810219 8011
-632889 734543 7597
1139693 1133567 17266
-1112869 1127954 21228
-810347 466989 14701
234437 343782 23146
840663 1050302 17167
-687993 -129453 12911
-115641 848761 20529
-213093 -98647 15799
222287 202152 24122
113285 -361143 8004
-646994 -98362 22534
108045 -222814 14675
606616 -311900 17210
625646 -344747 16843
-675768 -1050204 14071
-583052 893262 8481
-252913 -504928 10050
476286 -473541 21293
-1158245 -1194695 22958
-654703 504102 17170
16169 956134 22302
-890150 -874404 9900
-49683 -979226 9818
289421 -749952 14339
453721 -271055 7847
384841 -349534 8426
772849 -729170 12138
502931 -121209 20500
-443788 -1087263 19387
413990 251320 17954
-1005438 -949406 22206
-804307 1056769 24059
-388316 -660144 10388
-1032837 460057 10847
618135 449266 9831
306698 -1064216 8514
904415 -1199883 11466
335186 -443813 28419
1188358 -84771 14172
1039859 -603917 16901
245526 1054133 10322
976809 -768412 27928
-523265 -319702 19872
-1193524 1196731 21780
-391030 -592390 10220
-229536 -1188594 9852
238650 954975 15049
623426 365911 13239
-126723 -157199 23946
191211 731591 8107
155769 -230831 14696
-164269 1002038 8636
729762 811805 16418
-982169 699654 9924
-614014 634805 21045
294125 996618 8484
1052298 -1046818 15975
629630 -714380 7561
413586 -722657 20573
-95340 -358753 15635
-612328 386249 10093
-675343 1168944 20191
-787874 176979 11160
-678457 856910 16352
282431 527418 19559
397306 1051689 17955
-687695 612583 11619
-697062 1069470 7580
1098992 -997455 21577
872491 140796 17998
-662630 -1098654 18814
-133187 -472192 7509
704324 170182 27436
-63633 -802075 23665
533181 305315 11442
545410 -226002 14624
-827400 -99745 21904
-241767 -590842 22020
570959 742529 25966
-288276 50793 23302
-217849 935175 24723
921772 1116310 10840
718708 427076 11128
352020 267046 12273
588752 -1199095 16830
-497717 -503537 21686
-475451 1088894 15114
415340 -25092 10193
-155826 401429 20926
473752 246576 25040
-1075167 595167 8419
-1133565 958174 10961
674048 312622 13863
806022 215298 10151
1142639 532487 20512
295049 -311948 19549
-960383 -983730 14994
801952 422024 22029
48657 -280856 12775
-354925 -1117283 24319
-973957 927097 10724
-28558 -286210 20813
-887993 591109 7837
222625 -72214 21512
-600038 159151 25952
-918168 383943 9522
-832178 133814 11162
280955 118274 7674
-412870 32931 8978
-1148041 424052 21451
1000691 -1171747 18921
-1011716 880086 13077
-464308 -242605 9002
-1015561 -1159874 9166
709429 40093 7977
873771 -845614 23918
-715263 365944 12815
273188 21819 9821
1029151 -968664 9260
1101023 -295709 16901
-752525 550450 10213
791272 -1105000 23222
53086 -135762 9495
-902051 1039923 9464
-878832 -94558 18190
-825861 -398137 10264
569897 492708 19617
-657907 -926136 15885
468284 1106259 15612
-23027 -104412 16536
424152 883190 27041
-1042775 -840825 19572
-571322 -153902 26304
454927 118625 20263
-1087598 300969 10532
30267 822551 29689
-559097 -277776 23365
623251 149234 9938
-370776 -1034639 27409
567902 235185 20499
-407662 404179 21186
-246663 90239 11640
651439 522934 22183
-723604 322045 7972
108618 1075675 25981
-979842 6672 13565
-775768 480379 22258
-924489 -671061 8003
-591449 1185723 21763
86671 -859950 21371
-85814 -252044 24478
1068094 917171 21635
-478411 -566805 19262
14606 -1155786 15776
-377816 -1197638 10136
-257344 -842701 27806
105187 307210 14495
-349975 -372148 26512
1072967 427388 27467
364725 152808 22480
-716019 -332115 23566
-499522 232280 25246
1183752 -439730 7871
921403 1076518 18447
869971 -153048 16723
-93974 -977858 12565
-323737 498467 16876
-376659 -220640 14039
63348 679102 16176
-270922 842982 8492
-315233 307138 8442
-1040571 363905 9217
608484 768153 8623
1031294 -486009 15682
-740415 111624 21363
-71986 -208992 10357
-999623 -524154 7758
-43940 524878 24317
965515 -1040035 8352
160075 694710 21034
1036671 -674906 12925
-224748 1040293 12948
465282 206719 12766
69763 -238798 11785
-1069697 -338414 15756
-1072386 -465072 16907
878693 751556 9067
-285322 886523 16045
756588 -17069 9261
572188 -941389 7849
-617096 1068462 17220
-396116 -922280 8161
505715 986056 9665
-819029 -271228 13800
-899076 -458026 17318
323447 586796 14763
721123 -318752 8290
-51842 826255 11626
-877564 -246396 22475
-998044 -272763 9712
685752 239404 18116
574394 -657796 17639
435229 -776496 15024
570759 953471 9051
1118368 -896392 8739
862488 844266 20256
323993 -3436 24663
-986707 465415 14543
945710 770454 23789
1137319 -772864 9211
549355 -870724 23240
50893 131285 10969
-646061 -697383 24250
1193561 -892848 18098
721953 -537566 19705
1048484 -401686 10243
-743170 -166452 28458
992590 -1119480 13035
-187827 -987955 19922
-444503 975467 20158
-1055945 971539 18041
927120 460279 27720
534870 -165880 9788
766960 -1188982 9593
894993 -517902 14473
-1083836 -43935 25474
872124 649261 17654
-923601 -1193851 15706
669616 -1189962 16660
227607 -777017 15145
687537 382887 23575
919696 1037654 27308
-739087 906117 13569
997803 -927188 13429
-14489 1001364 9928
-669444 742827 15932
15157 684967 7674
-1077083 91347 20448
458328 -24941 17883
1134081 923762 16405
763699 -675063 12614
33957 -183124 21559
-200080 -830918 27044
-709013 1133931 7531
-237374 -204965 18950
-205969 1181018 13948
985023 -140465 20868
835307 -1077120 10759
-724862 -596789 16170
-903525 -6754 22995
1104143 -1133591 23811
308032 167182 7944
243374 775114 17237
765747 -286200 21178
233978 -1133552 10702
539271 -613459 14373
-500453 197563 16886
354917 973467 24323
425648 147327 17989
-997622 781731 21828
1045634 -288943 9768
98727 1199345 15159
604571 -813197 24640
1094474 -29951 12475
1197782 680483 21873
89422 753996 10178
942370 56592 20539
1190615 -1114249 16471
903428 927037 13047
548903 1125128 19622
580879 874997 12728
966221 -504218 13288
-109142 347114 10275
641908 -1054469 12095
-1108062 832637 8051
-407413 -1101809 12347
1153683 -675082 25557
373740 -821993 8860
-305366 461344 9465
-865562 -1011107 21856
-1072498 661679 24816
194193 1161338 12465
-580773 -771412 10067
-710715 733702 27118
472631 347317 13392
1074641 334426 21168
-321873 -423706 11909
-215062 -890233 7727
229563 -129875 23166
184418 474260 11772
-936132 -545910 7709
777008 56572 9847
748063 768859 16547
-667892 60854 8581
463684 738003 15728
1156133 13277 24015
-291726 367169 15824
70638 381113 8068
-67055 209045 19385
682480 -588702 19509
711400 775406 15137
-794323 -973792 13068
-378433 -760809 16628
-852117 222126 15110
-1109493 -587180 9143
446880 -1047921 14573
100383 1038244 20402
190721 -973730 10197
-252140 -772856 13713
680148 -928236 21954
-342925 840114 9330
47788 -375435 11714
-861338 -645553 9269
-879994 -193307 16300
441181 -1187204 26123
1135404 -995580 23273
70
431717 941527 9859
789658 739365 19843
5574 -241915 8130
-445824 -668092 22193
9545 370283 21582
-232393 803321 11115
-35503 1197673 23381
892337 -87391 17879
-798226 810643 10690
-720794 580587 19879
-122698 1107646 15003
-376649 560569 23931
-262956 796446 9395
987986 -197720 20563
-769216 1141980 20451
-346261 -45116 11828
1092403 536476 13975
-875130 -1066475 8113
-179045 618985 14419
147659 390249 20654
859816 -1116468 22888
-432254 -613801 21902
1064492 838449 12541
-714868 -1125840 22696
172277 811926 11185
-22276 414636 10123
-43043 -648711 7921
372658 -87072 11441
-462453 176789 17909
352680 538134 7817
-730873 -964521 24433
177444 291948 12732
792444 360780 9265
-883805 -411699 15359
704595 1028330 7920
1138995 374997 9902
-1050824 1119784 9918
-317873 636228 10758
250904 685585 8325
-441839 59258 15550
-195229 129045 24342
-11645 156782 9876
-1161419 -579190 18915
967643 16035 14958
980859 150750 14577
71318 -299082 14672
-565779 -637429 7804
299441 -638172 21232
-927900 249381 13818
644530 -533649 15543
344828 233537 18163
-563784 -491221 18466
36368 605010 8789
189211 633274 12473
987940 556073 13701
-615655 998357 15432
-917376 -390464 9955
1170962 -189804 11210
657893 -834240 10589
729431 868732 14813
-952661 -250695 9632
226797 273511 8869
-1096525 994064 22000
518926 -1158208 7887
-1165532 -812775 14022
791797 -650147 7502
-339103 141305 20860
-1065594 -798959 8764
86718 790151 9067
224473 733596 10425
